0.00000000E+000 9.56865
0.20000000E-002 10.075
0.40000000E-002 9.65915
0.60000000E-002 8.90087
0.80000000E-002 10.096
0.10000000E-001 7.45098
0.12000000E-001 6.017
0.14000000E-001 4.65715
0.16000000E-001 5.17719
0.18000000E-001 4.13132
0.20000000E-001 2.41433
0.22000000E-001 2.11469
0.24000000E-001 3.8955
0.26000000E-001 5.57448
0.28000000E-001 3.67806
0.30000000E-001 3.43529
0.32000000E-001 6.34419
0.34000000E-001 16.6402
0.36000000E-001 38.0321
0.38000000E-001 58.8402
0.40000000E-001 67.6718
0.42000000E-001 66.1778
0.44000000E-001 54.4515
0.46000000E-001 35.4234
0.48000000E-001 13.7324
0.50000000E-001 -8.43893
0.52000000E-001 -30.6913
0.54000000E-001 -51.4306
0.56000000E-001 -71.6759
0.58000000E-001 -93.5093
0.60000000E-001 -111.167
0.62000000E-001 -126.746
0.64000000E-001 -130.445
0.66000000E-001 -128.854
0.68000000E-001 -132.339
0.70000000E-001 -140.133
0.72000000E-001 -150.771
0.74000000E-001 -163.533
0.76000000E-001 -178.597
0.78000000E-001 -196.881
0.80000000E-001 -219.305
0.82000000E-001 -248.363
0.84000000E-001 -288.765
0.86000000E-001 -333.825
0.88000000E-001 -370.766
0.90000000E-001 -360.214
0.92000000E-001 -293.682
0.94000000E-001 -264.381
0.96000000E-001 -245.621
0.98000000E-001 -230.353
0.10000000E+000 -217.92
0.10200000E+000 -206.851
0.10400000E+000 -196.792
0.10600000E+000 -187.623
0.10800000E+000 -179.403
0.11000000E+000 -172.474
0.11200000E+000 -166.983
0.11400000E+000 -161.64
0.11600000E+000 -154.596
0.11800000E+000 -145.91
0.12000000E+000 -136.081
0.12200000E+000 -125.803
0.12400000E+000 -115.027
0.12600000E+000 -103.491
0.12800000E+000 -92.0765
0.13000000E+000 -82.2462
0.13200000E+000 -74.658
0.13400000E+000 -67.8065
0.13600000E+000 -60.5909
0.13800000E+000 -52.8758
0.14000000E+000 -44.9695
0.14200000E+000 -37.738
0.14400000E+000 -31.5571
0.14600000E+000 -26.5432
0.14800000E+000 -22.8636
0.15000000E+000 -20.1071
0.15200000E+000 -18.612
0.15400000E+000 -16.4609
0.15600000E+000 -13.5526
0.15800000E+000 -15.7783
0.16000000E+000 -15.8667
0.16200000E+000 -14.9413
0.16400000E+000 -13.66
0.16600000E+000 -12.273
0.16800000E+000 -11.2035
0.17000000E+000 -10.6924
0.17200000E+000 -10.547
0.17400000E+000 -10.374
0.17600000E+000 -10.2831
0.17800000E+000 -10.4367
0.18000000E+000 -10.7242
0.18200000E+000 -11.0599
0.18400000E+000 -11.4043
0.18600000E+000 -11.7094
0.18800000E+000 -11.911
0.19000000E+000 -11.9447
0.19200000E+000 -11.8723
0.19400000E+000 -11.8017
0.19600000E+000 -11.683
0.19800000E+000 -11.3255
0.20000000E+000 -10.5561
0.20200000E+000 -9.3413
0.20400000E+000 -7.96805
0.20600000E+000 -6.76022
0.20800000E+000 -5.78236
0.21000000E+000 -5.07922
0.21200000E+000 -4.81757
0.21400000E+000 -4.75606
0.21600000E+000 -4.7567
0.21800000E+000 -4.55984
0.22000000E+000 -4.27729
0.22200000E+000 -4.23797
0.22400000E+000 -4.3883
0.22600000E+000 -4.67616
0.22800000E+000 -5.06753
0.23000000E+000 -5.54169
0.23200000E+000 -6.08845
0.23400000E+000 -6.70545
0.23600000E+000 -7.40008
0.23800000E+000 -8.18046
0.24000000E+000 -9.05032
0.24200000E+000 -10.0103
0.24400000E+000 -11.054
0.24600000E+000 -12.1755
0.24800000E+000 -13.3713
0.25000000E+000 -14.6361
0.25200000E+000 -15.9454
0.25400000E+000 -17.2431
0.25600000E+000 -18.4675
0.25800000E+000 -19.5784
0.26000000E+000 -20.5559
0.26200000E+000 -21.3929
0.26400000E+000 -22.094
0.26600000E+000 -22.6748
0.26800000E+000 -23.1559
0.27000000E+000 -23.5537
0.27200000E+000 -23.8692
0.27400000E+000 -24.0942
0.27600000E+000 -24.2366
0.27800000E+000 -24.3145
0.28000000E+000 -24.3352
0.28200000E+000 -24.2989
0.28400000E+000 -24.2624
0.28600000E+000 -24.4206
0.28800000E+000 -24.9885
0.29000000E+000 -25.978
0.29200000E+000 -27.058
0.29400000E+000 -27.6607
0.29600000E+000 -27.8917
0.29800000E+000 -27.8176
0.30000000E+000 -27.5273
0.30200000E+000 -27.0942
0.30400000E+000 -26.5566
0.30600000E+000 -25.9361
0.30800000E+000 -25.2619
0.31000000E+000 -24.5479
0.31200000E+000 -23.7647
0.31400000E+000 -22.9017
0.31600000E+000 -21.971
0.31800000E+000 -21.005
0.32000000E+000 -20.0637
0.32200000E+000 -19.2175
0.32400000E+000 -18.4941
0.32600000E+000 -17.8101
0.32800000E+000 -17.0737
0.33000000E+000 -16.3006
0.33200000E+000 -15.5514
0.33400000E+000 -14.6344
0.33600000E+000 -13.3478
0.33800000E+000 -11.962
0.34000000E+000 -10.4722
0.34200000E+000 -8.7564
0.34400000E+000 -7.04295
0.34600000E+000 -5.30012
0.34800000E+000 -3.62537
0.35000000E+000 -1.9592
0.35200000E+000 -0.285835
0.35400000E+000 1.38895
0.35600000E+000 3.05458
0.35800000E+000 4.69835
0.36000000E+000 6.30653
0.36200000E+000 7.86586
0.36400000E+000 9.36668
0.36600000E+000 10.8039
0.36800000E+000 12.1739
0.37000000E+000 13.4708
0.37200000E+000 14.6847
0.37400000E+000 15.8025
0.37600000E+000 16.8035
0.37800000E+000 17.6461
0.38000000E+000 18.2642
0.38200000E+000 18.6157
0.38400000E+000 18.747
0.38600000E+000 18.7458
0.38800000E+000 18.6629
0.39000000E+000 18.5399
0.39200000E+000 18.4244
0.39400000E+000 18.3432
0.39600000E+000 18.3001
0.39800000E+000 18.2912
0.40000000E+000 18.3148
0.40200000E+000 18.3718
0.40400000E+000 18.4597
0.40600000E+000 18.5686
0.40800000E+000 18.6833
0.41000000E+000 18.7869
0.41200000E+000 18.8676
0.41400000E+000 18.9256
0.41600000E+000 18.9629
0.41800000E+000 18.9747
0.42000000E+000 18.9382
0.42200000E+000 18.8397
0.42400000E+000 18.6849
0.42600000E+000 18.4793
0.42800000E+000 18.2314
0.43000000E+000 17.9499
0.43200000E+000 17.6393
0.43400000E+000 17.3045
0.43600000E+000 16.9539
0.43800000E+000 16.594
0.44000000E+000 16.2316
0.44200000E+000 15.8607
0.44400000E+000 15.5676
0.44600000E+000 15.3437
0.44800000E+000 15.0888
0.45000000E+000 14.8227
0.45200000E+000 14.5446
0.45400000E+000 14.2611
0.45600000E+000 13.9666
0.45800000E+000 13.7266
0.46000000E+000 13.5597
0.46200000E+000 13.4087
0.46400000E+000 13.3025
0.46600000E+000 13.245
0.46800000E+000 13.2347
0.47000000E+000 13.2708
0.47200000E+000 13.4237
0.47400000E+000 13.9232
0.47600000E+000 14.4524
0.47800000E+000 14.61
0.48000000E+000 14.5637
0.48200000E+000 14.3835
0.48400000E+000 13.9524
0.48600000E+000 13.2409
0.48800000E+000 12.3272
0.49000000E+000 11.0042
0.49200000E+000 9.65671
0.49400000E+000 8.73034
0.49600000E+000 7.77342
0.49800000E+000 6.78233
0.50000000E+000 6.09777
