0.00000000E+000 -0.163265
0.20000000E-002 -0.0195933
0.40000000E-002 -0.68884
0.60000000E-002 -2.14767
0.80000000E-002 -4.00617
0.10000000E-001 -12.9042
0.12000000E-001 -14.8115
0.14000000E-001 -11.3322
0.16000000E-001 -5.83306
0.18000000E-001 -0.532331
0.20000000E-001 6.94842
0.22000000E-001 20.3161
0.24000000E-001 48.7805
0.26000000E-001 88.5099
0.28000000E-001 93.7574
0.30000000E-001 84.1423
0.32000000E-001 76.2729
0.34000000E-001 76.7719
0.36000000E-001 83.354
0.38000000E-001 86.6902
0.40000000E-001 82.1004
0.42000000E-001 71.9442
0.44000000E-001 56.8876
0.46000000E-001 38.8414
0.48000000E-001 21.1242
0.50000000E-001 5.95052
0.52000000E-001 -6.96776
0.54000000E-001 -18.0156
0.56000000E-001 -30.394
0.58000000E-001 -46.6344
0.60000000E-001 -67.6287
0.62000000E-001 -95.8765
0.64000000E-001 -107.339
0.66000000E-001 -115.643
0.68000000E-001 -126.962
0.70000000E-001 -139.561
0.72000000E-001 -152.853
0.74000000E-001 -166.848
0.76000000E-001 -181.823
0.78000000E-001 -198.545
0.80000000E-001 -217.707
0.82000000E-001 -240.21
0.84000000E-001 -268.358
0.86000000E-001 -302.295
0.88000000E-001 -335.508
0.90000000E-001 -320.842
0.92000000E-001 -240.847
0.94000000E-001 -205.803
0.96000000E-001 -186.719
0.98000000E-001 -173.841
0.10000000E+000 -163.087
0.10200000E+000 -153.198
0.10400000E+000 -144.355
0.10600000E+000 -136.759
0.10800000E+000 -130.832
0.11000000E+000 -127.423
0.11200000E+000 -127.393
0.11400000E+000 -129.268
0.11600000E+000 -130.316
0.11800000E+000 -130.265
0.12000000E+000 -128.992
0.12200000E+000 -126.279
0.12400000E+000 -121.034
0.12600000E+000 -116.259
0.12800000E+000 -110.775
0.13000000E+000 -104.924
0.13200000E+000 -99.5465
0.13400000E+000 -93.2324
0.13600000E+000 -86.1989
0.13800000E+000 -78.8977
0.14000000E+000 -71.4359
0.14200000E+000 -64.543
0.14400000E+000 -58.2144
0.14600000E+000 -52.4873
0.14800000E+000 -47.5094
0.15000000E+000 -43.2591
0.15200000E+000 -39.7488
0.15400000E+000 -36.4992
0.15600000E+000 -33.4047
0.15800000E+000 -25.0554
0.16000000E+000 -19.3702
0.16200000E+000 -14.9804
0.16400000E+000 -10.8872
0.16600000E+000 -6.90313
0.16800000E+000 -3.15682
0.17000000E+000 0.208788
0.17200000E+000 3.06309
0.17400000E+000 5.31336
0.17600000E+000 7.13336
0.17800000E+000 8.72064
0.18000000E+000 10.23
0.18200000E+000 11.7317
0.18400000E+000 13.2465
0.18600000E+000 14.8258
0.18800000E+000 16.4686
0.19000000E+000 18.1517
0.19200000E+000 19.8544
0.19400000E+000 21.5508
0.19600000E+000 23.2083
0.19800000E+000 24.8113
0.20000000E+000 26.457
0.20200000E+000 28.0333
0.20400000E+000 29.1812
0.20600000E+000 29.8695
0.20800000E+000 30.1566
0.21000000E+000 30.0289
0.21200000E+000 29.5404
0.21400000E+000 28.5087
0.21600000E+000 27.0115
0.21800000E+000 25.2139
0.22000000E+000 23.5037
0.22200000E+000 21.7359
0.22400000E+000 19.9584
0.22600000E+000 18.1857
0.22800000E+000 16.412
0.23000000E+000 14.6423
0.23200000E+000 12.8945
0.23400000E+000 11.1972
0.23600000E+000 9.54576
0.23800000E+000 7.98897
0.24000000E+000 6.51986
0.24200000E+000 5.22806
0.24400000E+000 4.21007
0.24600000E+000 3.28762
0.24800000E+000 2.33745
0.25000000E+000 1.17398
0.25200000E+000 -0.313954
0.25400000E+000 -2.03354
0.25600000E+000 -3.81678
0.25800000E+000 -5.54013
0.26000000E+000 -7.14582
0.26200000E+000 -8.61922
0.26400000E+000 -9.9664
0.26600000E+000 -11.2025
0.26800000E+000 -12.3442
0.27000000E+000 -13.4053
0.27200000E+000 -14.3938
0.27400000E+000 -15.3102
0.27600000E+000 -16.1484
0.27800000E+000 -16.8988
0.28000000E+000 -17.5498
0.28200000E+000 -18.0942
0.28400000E+000 -18.491
0.28600000E+000 -18.6351
0.28800000E+000 -18.4375
0.29000000E+000 -17.9303
0.29200000E+000 -17.3675
0.29400000E+000 -17.1861
0.29600000E+000 -17.1394
0.29800000E+000 -17.1358
0.30000000E+000 -17.1108
0.30200000E+000 -17.0183
0.30400000E+000 -16.8327
0.30600000E+000 -16.5478
0.30800000E+000 -16.1909
0.31000000E+000 -15.8344
0.31200000E+000 -15.5365
0.31400000E+000 -15.2859
0.31600000E+000 -15.0576
0.31800000E+000 -14.8389
0.32000000E+000 -14.6025
0.32200000E+000 -14.3014
0.32400000E+000 -13.9106
0.32600000E+000 -13.5109
0.32800000E+000 -13.213
0.33000000E+000 -13.076
0.33200000E+000 -13.1441
0.33400000E+000 -13.1876
0.33600000E+000 -12.9128
0.33800000E+000 -12.4338
0.34000000E+000 -11.6311
0.34200000E+000 -10.0562
0.34400000E+000 -8.89918
0.34600000E+000 -7.99981
0.34800000E+000 -7.26164
0.35000000E+000 -6.60951
0.35200000E+000 -5.99438
0.35400000E+000 -5.41154
0.35600000E+000 -4.86348
0.35800000E+000 -4.35375
0.36000000E+000 -3.88294
0.36200000E+000 -3.44564
0.36400000E+000 -3.03221
0.36600000E+000 -2.6332
0.36800000E+000 -2.24354
0.37000000E+000 -1.8634
0.37200000E+000 -1.49483
0.37400000E+000 -1.13724
0.37600000E+000 -0.785354
0.37800000E+000 -0.430545
0.38000000E+000 -0.0669939
0.38200000E+000 0.293342
0.38400000E+000 0.613829
0.38600000E+000 0.865336
0.38800000E+000 1.0573
0.39000000E+000 1.2193
0.39200000E+000 1.37542
0.39400000E+000 1.53903
0.39600000E+000 1.71669
0.39800000E+000 1.9118
0.40000000E+000 2.12433
0.40200000E+000 2.35029
0.40400000E+000 2.58431
0.40600000E+000 2.82152
0.40800000E+000 3.05726
0.41000000E+000 3.28908
0.41200000E+000 3.51796
0.41400000E+000 3.74815
0.41600000E+000 3.98801
0.41800000E+000 4.24743
0.42000000E+000 4.53285
0.42200000E+000 4.82314
0.42400000E+000 5.09647
0.42600000E+000 5.353
0.42800000E+000 5.59687
0.43000000E+000 5.83041
0.43200000E+000 6.05211
0.43400000E+000 6.26199
0.43600000E+000 6.4624
0.43800000E+000 6.65666
0.44000000E+000 6.84628
0.44200000E+000 7.01929
0.44400000E+000 7.19282
0.44600000E+000 7.37579
0.44800000E+000 7.48595
0.45000000E+000 7.53775
0.45200000E+000 7.57543
0.45400000E+000 7.59693
0.45600000E+000 7.58472
0.45800000E+000 7.56176
0.46000000E+000 7.53245
0.46200000E+000 7.46749
0.46400000E+000 7.38327
0.46600000E+000 7.28016
0.46800000E+000 7.20381
0.47000000E+000 7.17514
0.47200000E+000 7.26728
0.47400000E+000 7.79896
0.47600000E+000 8.35601
0.47800000E+000 8.57269
0.48000000E+000 8.62862
0.48200000E+000 8.61641
0.48400000E+000 8.5346
0.48600000E+000 8.36266
0.48800000E+000 8.14313
0.49000000E+000 7.71578
0.49200000E+000 7.01254
0.49400000E+000 6.57757
0.49600000E+000 6.04447
0.49800000E+000 5.44165
0.50000000E+000 5.05752
