0.00000000E+000 7.78033
0.20000000E-002 6.24251
0.40000000E-002 -3.60753
0.60000000E-002 -27.9533
0.80000000E-002 -67.6635
0.10000000E-001 -176.426
0.12000000E-001 -206.105
0.14000000E-001 -181.41
0.16000000E-001 -141.105
0.18000000E-001 -107.276
0.20000000E-001 -79.4681
0.22000000E-001 -51.8484
0.24000000E-001 -18.8082
0.26000000E-001 14.6306
0.28000000E-001 20.5578
0.30000000E-001 10.1008
0.32000000E-001 10.8713
0.34000000E-001 18.5555
0.36000000E-001 30.0264
0.38000000E-001 44.0493
0.40000000E-001 55.0814
0.42000000E-001 62.5432
0.44000000E-001 68.5189
0.46000000E-001 74.2719
0.48000000E-001 79.3584
0.50000000E-001 82.8069
0.52000000E-001 84.4146
0.54000000E-001 84.7746
0.56000000E-001 84.378
0.58000000E-001 81.8762
0.60000000E-001 76.9469
0.62000000E-001 66.8046
0.64000000E-001 48.6542
0.66000000E-001 27.6411
0.68000000E-001 11.3893
0.70000000E-001 0.507674
0.72000000E-001 -6.70213
0.74000000E-001 -11.8874
0.76000000E-001 -16.2426
0.78000000E-001 -20.5136
0.80000000E-001 -24.3328
0.82000000E-001 -28.1415
0.84000000E-001 -33.893
0.86000000E-001 -40.6757
0.88000000E-001 -45.6331
0.90000000E-001 -43.59
0.92000000E-001 -35.3967
0.94000000E-001 -32.1157
0.96000000E-001 -30.4144
0.98000000E-001 -29.1711
0.10000000E+000 -28.3146
0.10200000E+000 -27.5766
0.10400000E+000 -26.9093
0.10600000E+000 -26.3372
0.10800000E+000 -25.9222
0.11000000E+000 -25.789
0.11200000E+000 -26.0317
0.11400000E+000 -26.2623
0.11600000E+000 -25.8861
0.11800000E+000 -24.8964
0.12000000E+000 -23.3672
0.12200000E+000 -21.2657
0.12400000E+000 -18.521
0.12600000E+000 -15.471
0.12800000E+000 -12.3124
0.13000000E+000 -9.44871
0.13200000E+000 -7.13282
0.13400000E+000 -5.02273
0.13600000E+000 -2.98212
0.13800000E+000 -0.966264
0.14000000E+000 0.976307
0.14200000E+000 2.76969
0.14400000E+000 4.48128
0.14600000E+000 6.06779
0.14800000E+000 7.50619
0.15000000E+000 8.83556
0.15200000E+000 10.0321
0.15400000E+000 11.2455
0.15600000E+000 12.3761
0.15800000E+000 13.0126
0.16000000E+000 13.6839
0.16200000E+000 14.266
0.16400000E+000 14.7052
0.16600000E+000 15.1255
0.16800000E+000 15.5285
0.17000000E+000 15.8359
0.17200000E+000 16.0556
0.17400000E+000 16.2086
0.17600000E+000 16.2967
0.17800000E+000 16.2962
0.18000000E+000 16.228
0.18200000E+000 16.0967
0.18400000E+000 15.9096
0.18600000E+000 15.6882
0.18800000E+000 15.4057
0.19000000E+000 15.0634
0.19200000E+000 14.6899
0.19400000E+000 14.2965
0.19600000E+000 13.8915
0.19800000E+000 13.4708
0.20000000E+000 13.0271
0.20200000E+000 12.5354
0.20400000E+000 11.9763
0.20600000E+000 11.3538
0.20800000E+000 10.6683
0.21000000E+000 9.95311
0.21200000E+000 9.20275
0.21400000E+000 8.35926
0.21600000E+000 7.46316
0.21800000E+000 6.49978
0.22000000E+000 5.50127
0.22200000E+000 4.53951
0.22400000E+000 3.59316
0.22600000E+000 2.63652
0.22800000E+000 1.64962
0.23000000E+000 0.623301
0.23200000E+000 -0.438891
0.23400000E+000 -1.52506
0.23600000E+000 -2.62455
0.23800000E+000 -3.72475
0.24000000E+000 -4.81568
0.24200000E+000 -5.88115
0.24400000E+000 -6.9003
0.24600000E+000 -7.86112
0.24800000E+000 -8.74875
0.25000000E+000 -9.55289
0.25200000E+000 -10.2733
0.25400000E+000 -10.9229
0.25600000E+000 -11.5309
0.25800000E+000 -12.137
0.26000000E+000 -12.7816
0.26200000E+000 -13.4978
0.26400000E+000 -14.3089
0.26600000E+000 -15.2297
0.26800000E+000 -16.2693
0.27000000E+000 -17.4333
0.27200000E+000 -18.7249
0.27400000E+000 -20.1438
0.27600000E+000 -21.6824
0.27800000E+000 -23.3255
0.28000000E+000 -25.0527
0.28200000E+000 -26.8396
0.28400000E+000 -28.6593
0.28600000E+000 -30.4854
0.28800000E+000 -32.2877
0.29000000E+000 -34.0327
0.29200000E+000 -35.689
0.29400000E+000 -37.2345
0.29600000E+000 -38.6569
0.29800000E+000 -39.9569
0.30000000E+000 -41.1419
0.30200000E+000 -42.2187
0.30400000E+000 -43.1873
0.30600000E+000 -44.0341
0.30800000E+000 -44.729
0.31000000E+000 -45.264
0.31200000E+000 -45.6944
0.31400000E+000 -46.0703
0.31600000E+000 -46.4128
0.31800000E+000 -46.723
0.32000000E+000 -46.9948
0.32200000E+000 -47.2287
0.32400000E+000 -47.4376
0.32600000E+000 -47.6257
0.32800000E+000 -47.79
0.33000000E+000 -47.9245
0.33200000E+000 -48.0178
0.33400000E+000 -48.1198
0.33600000E+000 -48.2803
0.33800000E+000 -48.5893
0.34000000E+000 -48.999
0.34200000E+000 -49.3996
0.34400000E+000 -49.8873
0.34600000E+000 -50.403
0.34800000E+000 -50.8884
0.35000000E+000 -51.3457
0.35200000E+000 -51.7863
0.35400000E+000 -52.2115
0.35600000E+000 -52.6207
0.35800000E+000 -53.0135
0.36000000E+000 -53.3894
0.36200000E+000 -53.7482
0.36400000E+000 -54.0904
0.36600000E+000 -54.417
0.36800000E+000 -54.7289
0.37000000E+000 -55.0262
0.37200000E+000 -55.3077
0.37400000E+000 -55.5722
0.37600000E+000 -55.818
0.37800000E+000 -56.044
0.38000000E+000 -56.2487
0.38200000E+000 -56.4316
0.38400000E+000 -56.595
0.38600000E+000 -56.7435
0.38800000E+000 -56.8805
0.39000000E+000 -57.0088
0.39200000E+000 -57.1315
0.39400000E+000 -57.2519
0.39600000E+000 -57.3716
0.39800000E+000 -57.4912
0.40000000E+000 -57.6112
0.40200000E+000 -57.7325
0.40400000E+000 -57.8554
0.40600000E+000 -57.9804
0.40800000E+000 -58.1084
0.41000000E+000 -58.2403
0.41200000E+000 -58.376
0.41400000E+000 -58.5158
0.41600000E+000 -58.6609
0.41800000E+000 -58.8131
0.42000000E+000 -58.9747
0.42200000E+000 -59.1476
0.42400000E+000 -59.3321
0.42600000E+000 -59.5264
0.42800000E+000 -59.7288
0.43000000E+000 -59.9379
0.43200000E+000 -60.1531
0.43400000E+000 -60.3739
0.43600000E+000 -60.5988
0.43800000E+000 -60.8265
0.44000000E+000 -61.0563
0.44200000E+000 -61.2857
0.44400000E+000 -61.5085
0.44600000E+000 -61.7329
0.44800000E+000 -61.9625
0.45000000E+000 -62.2012
0.45200000E+000 -62.4587
0.45400000E+000 -62.7349
0.45600000E+000 -63.0368
0.45800000E+000 -63.3513
0.46000000E+000 -63.652
0.46200000E+000 -63.9809
0.46400000E+000 -64.3434
0.46600000E+000 -64.7337
0.46800000E+000 -65.1447
0.47000000E+000 -65.5696
0.47200000E+000 -66.0029
0.47400000E+000 -66.3988
0.47600000E+000 -66.7937
0.47800000E+000 -67.2361
0.48000000E+000 -67.7021
0.48200000E+000 -68.1795
0.48400000E+000 -68.6562
0.48600000E+000 -69.1438
0.48800000E+000 -69.6602
0.49000000E+000 -70.2089
0.49200000E+000 -70.7663
0.49400000E+000 -71.2806
0.49600000E+000 -71.8026
0.49800000E+000 -72.3417
0.50000000E+000 -72.8625
